{
 "cells": [
  {
   "cell_type": "code",
   "execution_count": 83,
   "id": "8f1ae755-c6b1-4f51-b09c-8322bf1ff7ea",
   "metadata": {},
   "outputs": [],
   "source": [
    "import pandas as pd\n",
    "import matplotlib.pyplot as plt\n",
    "from sklearn.preprocessing import MinMaxScaler\n",
    "from sklearn.metrics.pairwise import cosine_similarity\n",
    "import numpy as np"
   ]
  },
  {
   "cell_type": "code",
   "execution_count": 84,
   "id": "79ca2f66-8a36-4cec-9617-7b19fefdc76d",
   "metadata": {},
   "outputs": [],
   "source": [
    "df=pd.read_csv('preprocessed_data.csv')"
   ]
  },
  {
   "cell_type": "code",
   "execution_count": 85,
   "id": "52c50db3-2c17-4b5f-b1e2-440c7412bb20",
   "metadata": {},
   "outputs": [],
   "source": [
    "cols_to_combine = ['screen_time_min', 'launches', 'interactions']\n",
    "scaler = MinMaxScaler()\n",
    "df_scaled = pd.DataFrame(scaler.fit_transform(df[cols_to_combine]), columns=cols_to_combine)\n",
    "df['combined_rating'] = df_scaled.mean(axis=1)"
   ]
  },
  {
   "cell_type": "code",
   "execution_count": 86,
   "id": "1f5a3c29-35dd-4864-9bb0-197a981a1c81",
   "metadata": {},
   "outputs": [
    {
     "name": "stdout",
     "output_type": "stream",
     "text": [
      "app_name    Camera    Chrome  Evernote  Facebook     Gmail  Google Docs  \\\n",
      "user_id                                                                   \n",
      "1000      0.294478  0.459402  0.107661  0.240516  0.295557     0.253377   \n",
      "1001      0.000000  0.000000  0.299138  0.445564  0.268773     0.151476   \n",
      "1002      0.249803  0.250613  0.149830  0.280372  0.000000     0.000000   \n",
      "1003      0.237336  0.364750  0.000000  0.283543  0.216524     0.253331   \n",
      "1004      0.291454  0.224572  0.064556  0.330245  0.000000     0.231441   \n",
      "...            ...       ...       ...       ...       ...          ...   \n",
      "1096      0.237734  0.253229  0.401080  0.213893  0.260380     0.325076   \n",
      "1097      0.216673  0.000000  0.262532  0.233685  0.294392     0.251794   \n",
      "1098      0.254275  0.000000  0.207508  0.213116  0.298183     0.263999   \n",
      "1099      0.283206  0.196671  0.363515  0.212992  0.348274     0.263733   \n",
      "1100      0.231065  0.291269  0.173409  0.298991  0.293557     0.211095   \n",
      "\n",
      "app_name  Google Maps  Instagram  Microsoft Teams   Netflix    Notion  \\\n",
      "user_id                                                                 \n",
      "1000         0.000000   0.000000         0.304726  0.148719  0.112909   \n",
      "1001         0.272441   0.225602         0.213182  0.110116  0.376622   \n",
      "1002         0.270265   0.216537         0.246938  0.110604  0.000000   \n",
      "1003         0.269962   0.292164         0.000000  0.158030  0.420544   \n",
      "1004         0.224823   0.222093         0.282845  0.293061  0.000000   \n",
      "...               ...        ...              ...       ...       ...   \n",
      "1096         0.146618   0.185241         0.359916  0.154070  0.207499   \n",
      "1097         0.181010   0.285399         0.310424  0.000000  0.000000   \n",
      "1098         0.000000   0.324322         0.000000  0.293300  0.211253   \n",
      "1099         0.000000   0.340926         0.172284  0.198259  0.330297   \n",
      "1100         0.000000   0.161093         0.000000  0.000000  0.337391   \n",
      "\n",
      "app_name     Slack  Snapchat   Spotify    TikTok    Twitch   Twitter  \\\n",
      "user_id                                                                \n",
      "1000      0.000000  0.329800  0.000000  0.230190  0.172709  0.000000   \n",
      "1001      0.197557  0.210882  0.245413  0.000000  0.000000  0.188991   \n",
      "1002      0.000000  0.356864  0.207870  0.000000  0.000000  0.000000   \n",
      "1003      0.306782  0.000000  0.272377  0.116555  0.287741  0.279806   \n",
      "1004      0.184056  0.277823  0.375631  0.351782  0.305592  0.000000   \n",
      "...            ...       ...       ...       ...       ...       ...   \n",
      "1096      0.000000  0.284423  0.280830  0.407577  0.000000  0.346598   \n",
      "1097      0.225099  0.231904  0.345086  0.291807  0.240773  0.155168   \n",
      "1098      0.251232  0.000000  0.128302  0.000000  0.000000  0.000000   \n",
      "1099      0.101669  0.286554  0.255974  0.228359  0.230247  0.287525   \n",
      "1100      0.346459  0.000000  0.193775  0.000000  0.000000  0.166688   \n",
      "\n",
      "app_name   Weather  WhatsApp   YouTube  \n",
      "user_id                                 \n",
      "1000      0.175328  0.217930  0.000000  \n",
      "1001      0.113432  0.302064  0.251534  \n",
      "1002      0.232576  0.169226  0.223035  \n",
      "1003      0.421928  0.000000  0.320999  \n",
      "1004      0.375825  0.225047  0.222757  \n",
      "...            ...       ...       ...  \n",
      "1096      0.311715  0.107236  0.261554  \n",
      "1097      0.247366  0.366000  0.000000  \n",
      "1098      0.128356  0.344436  0.317575  \n",
      "1099      0.334759  0.255609  0.494358  \n",
      "1100      0.000000  0.363220  0.263182  \n",
      "\n",
      "[101 rows x 20 columns]\n"
     ]
    }
   ],
   "source": [
    "user_item_matrix = df.pivot_table(\n",
    "    index='user_id',\n",
    "    columns='app_name',\n",
    "    values='combined_rating',\n",
    "    fill_value=0 )\n",
    "print(user_item_matrix)"
   ]
  },
  {
   "cell_type": "code",
   "execution_count": 87,
   "id": "1275303c-c6f6-4d05-8cd1-6f0b2f29ca5e",
   "metadata": {},
   "outputs": [],
   "source": [
    "item_similarity = cosine_similarity(user_item_matrix.T)  \n",
    "item_similarity_df = pd.DataFrame(item_similarity, index=user_item_matrix.columns, columns=user_item_matrix.columns)"
   ]
  },
  {
   "cell_type": "code",
   "execution_count": 88,
   "id": "63ff49d0-da41-421a-be07-6b0c0b23b0de",
   "metadata": {},
   "outputs": [
    {
     "data": {
      "text/html": [
       "<div>\n",
       "<style scoped>\n",
       "    .dataframe tbody tr th:only-of-type {\n",
       "        vertical-align: middle;\n",
       "    }\n",
       "\n",
       "    .dataframe tbody tr th {\n",
       "        vertical-align: top;\n",
       "    }\n",
       "\n",
       "    .dataframe thead th {\n",
       "        text-align: right;\n",
       "    }\n",
       "</style>\n",
       "<table border=\"1\" class=\"dataframe\">\n",
       "  <thead>\n",
       "    <tr style=\"text-align: right;\">\n",
       "      <th>app_name</th>\n",
       "      <th>Camera</th>\n",
       "      <th>Chrome</th>\n",
       "      <th>Evernote</th>\n",
       "      <th>Facebook</th>\n",
       "      <th>Gmail</th>\n",
       "      <th>Google Docs</th>\n",
       "      <th>Google Maps</th>\n",
       "      <th>Instagram</th>\n",
       "      <th>Microsoft Teams</th>\n",
       "      <th>Netflix</th>\n",
       "      <th>Notion</th>\n",
       "      <th>Slack</th>\n",
       "      <th>Snapchat</th>\n",
       "      <th>Spotify</th>\n",
       "      <th>TikTok</th>\n",
       "      <th>Twitch</th>\n",
       "      <th>Twitter</th>\n",
       "      <th>Weather</th>\n",
       "      <th>WhatsApp</th>\n",
       "      <th>YouTube</th>\n",
       "    </tr>\n",
       "    <tr>\n",
       "      <th>app_name</th>\n",
       "      <th></th>\n",
       "      <th></th>\n",
       "      <th></th>\n",
       "      <th></th>\n",
       "      <th></th>\n",
       "      <th></th>\n",
       "      <th></th>\n",
       "      <th></th>\n",
       "      <th></th>\n",
       "      <th></th>\n",
       "      <th></th>\n",
       "      <th></th>\n",
       "      <th></th>\n",
       "      <th></th>\n",
       "      <th></th>\n",
       "      <th></th>\n",
       "      <th></th>\n",
       "      <th></th>\n",
       "      <th></th>\n",
       "      <th></th>\n",
       "    </tr>\n",
       "  </thead>\n",
       "  <tbody>\n",
       "    <tr>\n",
       "      <th>Camera</th>\n",
       "      <td>1.000000</td>\n",
       "      <td>0.721888</td>\n",
       "      <td>0.641833</td>\n",
       "      <td>0.677911</td>\n",
       "      <td>0.718860</td>\n",
       "      <td>0.696573</td>\n",
       "      <td>0.653284</td>\n",
       "      <td>0.634360</td>\n",
       "      <td>0.680336</td>\n",
       "      <td>0.673590</td>\n",
       "      <td>0.634530</td>\n",
       "      <td>0.688698</td>\n",
       "      <td>0.726985</td>\n",
       "      <td>0.721524</td>\n",
       "      <td>0.626858</td>\n",
       "      <td>0.656880</td>\n",
       "      <td>0.604852</td>\n",
       "      <td>0.676765</td>\n",
       "      <td>0.705735</td>\n",
       "      <td>0.725172</td>\n",
       "    </tr>\n",
       "    <tr>\n",
       "      <th>Chrome</th>\n",
       "      <td>0.721888</td>\n",
       "      <td>1.000000</td>\n",
       "      <td>0.674200</td>\n",
       "      <td>0.756398</td>\n",
       "      <td>0.740868</td>\n",
       "      <td>0.742457</td>\n",
       "      <td>0.727214</td>\n",
       "      <td>0.610797</td>\n",
       "      <td>0.708895</td>\n",
       "      <td>0.704986</td>\n",
       "      <td>0.729732</td>\n",
       "      <td>0.724194</td>\n",
       "      <td>0.734560</td>\n",
       "      <td>0.696632</td>\n",
       "      <td>0.746619</td>\n",
       "      <td>0.785961</td>\n",
       "      <td>0.651861</td>\n",
       "      <td>0.747029</td>\n",
       "      <td>0.738146</td>\n",
       "      <td>0.733112</td>\n",
       "    </tr>\n",
       "    <tr>\n",
       "      <th>Evernote</th>\n",
       "      <td>0.641833</td>\n",
       "      <td>0.674200</td>\n",
       "      <td>1.000000</td>\n",
       "      <td>0.705245</td>\n",
       "      <td>0.683880</td>\n",
       "      <td>0.693606</td>\n",
       "      <td>0.647171</td>\n",
       "      <td>0.677020</td>\n",
       "      <td>0.696047</td>\n",
       "      <td>0.667123</td>\n",
       "      <td>0.659471</td>\n",
       "      <td>0.659451</td>\n",
       "      <td>0.689171</td>\n",
       "      <td>0.681499</td>\n",
       "      <td>0.663605</td>\n",
       "      <td>0.631247</td>\n",
       "      <td>0.643099</td>\n",
       "      <td>0.634159</td>\n",
       "      <td>0.699543</td>\n",
       "      <td>0.736685</td>\n",
       "    </tr>\n",
       "    <tr>\n",
       "      <th>Facebook</th>\n",
       "      <td>0.677911</td>\n",
       "      <td>0.756398</td>\n",
       "      <td>0.705245</td>\n",
       "      <td>1.000000</td>\n",
       "      <td>0.765413</td>\n",
       "      <td>0.747448</td>\n",
       "      <td>0.707156</td>\n",
       "      <td>0.726587</td>\n",
       "      <td>0.698892</td>\n",
       "      <td>0.720010</td>\n",
       "      <td>0.706266</td>\n",
       "      <td>0.700556</td>\n",
       "      <td>0.686883</td>\n",
       "      <td>0.678249</td>\n",
       "      <td>0.625181</td>\n",
       "      <td>0.724843</td>\n",
       "      <td>0.680026</td>\n",
       "      <td>0.729177</td>\n",
       "      <td>0.707216</td>\n",
       "      <td>0.724975</td>\n",
       "    </tr>\n",
       "    <tr>\n",
       "      <th>Gmail</th>\n",
       "      <td>0.718860</td>\n",
       "      <td>0.740868</td>\n",
       "      <td>0.683880</td>\n",
       "      <td>0.765413</td>\n",
       "      <td>1.000000</td>\n",
       "      <td>0.798591</td>\n",
       "      <td>0.681016</td>\n",
       "      <td>0.767429</td>\n",
       "      <td>0.661273</td>\n",
       "      <td>0.787646</td>\n",
       "      <td>0.683440</td>\n",
       "      <td>0.741555</td>\n",
       "      <td>0.751554</td>\n",
       "      <td>0.705957</td>\n",
       "      <td>0.711135</td>\n",
       "      <td>0.709560</td>\n",
       "      <td>0.746463</td>\n",
       "      <td>0.750410</td>\n",
       "      <td>0.729930</td>\n",
       "      <td>0.763609</td>\n",
       "    </tr>\n",
       "    <tr>\n",
       "      <th>Google Docs</th>\n",
       "      <td>0.696573</td>\n",
       "      <td>0.742457</td>\n",
       "      <td>0.693606</td>\n",
       "      <td>0.747448</td>\n",
       "      <td>0.798591</td>\n",
       "      <td>1.000000</td>\n",
       "      <td>0.684928</td>\n",
       "      <td>0.748528</td>\n",
       "      <td>0.735613</td>\n",
       "      <td>0.748155</td>\n",
       "      <td>0.677587</td>\n",
       "      <td>0.721165</td>\n",
       "      <td>0.726591</td>\n",
       "      <td>0.673738</td>\n",
       "      <td>0.726062</td>\n",
       "      <td>0.704834</td>\n",
       "      <td>0.707233</td>\n",
       "      <td>0.786643</td>\n",
       "      <td>0.763349</td>\n",
       "      <td>0.730350</td>\n",
       "    </tr>\n",
       "    <tr>\n",
       "      <th>Google Maps</th>\n",
       "      <td>0.653284</td>\n",
       "      <td>0.727214</td>\n",
       "      <td>0.647171</td>\n",
       "      <td>0.707156</td>\n",
       "      <td>0.681016</td>\n",
       "      <td>0.684928</td>\n",
       "      <td>1.000000</td>\n",
       "      <td>0.638086</td>\n",
       "      <td>0.720711</td>\n",
       "      <td>0.730065</td>\n",
       "      <td>0.696404</td>\n",
       "      <td>0.699559</td>\n",
       "      <td>0.714537</td>\n",
       "      <td>0.679380</td>\n",
       "      <td>0.689304</td>\n",
       "      <td>0.703281</td>\n",
       "      <td>0.683554</td>\n",
       "      <td>0.710379</td>\n",
       "      <td>0.698818</td>\n",
       "      <td>0.723687</td>\n",
       "    </tr>\n",
       "    <tr>\n",
       "      <th>Instagram</th>\n",
       "      <td>0.634360</td>\n",
       "      <td>0.610797</td>\n",
       "      <td>0.677020</td>\n",
       "      <td>0.726587</td>\n",
       "      <td>0.767429</td>\n",
       "      <td>0.748528</td>\n",
       "      <td>0.638086</td>\n",
       "      <td>1.000000</td>\n",
       "      <td>0.620110</td>\n",
       "      <td>0.698328</td>\n",
       "      <td>0.606506</td>\n",
       "      <td>0.700249</td>\n",
       "      <td>0.668766</td>\n",
       "      <td>0.660000</td>\n",
       "      <td>0.628149</td>\n",
       "      <td>0.638413</td>\n",
       "      <td>0.720170</td>\n",
       "      <td>0.653467</td>\n",
       "      <td>0.702706</td>\n",
       "      <td>0.752351</td>\n",
       "    </tr>\n",
       "    <tr>\n",
       "      <th>Microsoft Teams</th>\n",
       "      <td>0.680336</td>\n",
       "      <td>0.708895</td>\n",
       "      <td>0.696047</td>\n",
       "      <td>0.698892</td>\n",
       "      <td>0.661273</td>\n",
       "      <td>0.735613</td>\n",
       "      <td>0.720711</td>\n",
       "      <td>0.620110</td>\n",
       "      <td>1.000000</td>\n",
       "      <td>0.760736</td>\n",
       "      <td>0.618927</td>\n",
       "      <td>0.685775</td>\n",
       "      <td>0.694536</td>\n",
       "      <td>0.711759</td>\n",
       "      <td>0.681626</td>\n",
       "      <td>0.682147</td>\n",
       "      <td>0.659391</td>\n",
       "      <td>0.700530</td>\n",
       "      <td>0.712915</td>\n",
       "      <td>0.620733</td>\n",
       "    </tr>\n",
       "    <tr>\n",
       "      <th>Netflix</th>\n",
       "      <td>0.673590</td>\n",
       "      <td>0.704986</td>\n",
       "      <td>0.667123</td>\n",
       "      <td>0.720010</td>\n",
       "      <td>0.787646</td>\n",
       "      <td>0.748155</td>\n",
       "      <td>0.730065</td>\n",
       "      <td>0.698328</td>\n",
       "      <td>0.760736</td>\n",
       "      <td>1.000000</td>\n",
       "      <td>0.702159</td>\n",
       "      <td>0.687759</td>\n",
       "      <td>0.732222</td>\n",
       "      <td>0.702348</td>\n",
       "      <td>0.705612</td>\n",
       "      <td>0.735128</td>\n",
       "      <td>0.693363</td>\n",
       "      <td>0.769268</td>\n",
       "      <td>0.733034</td>\n",
       "      <td>0.750144</td>\n",
       "    </tr>\n",
       "    <tr>\n",
       "      <th>Notion</th>\n",
       "      <td>0.634530</td>\n",
       "      <td>0.729732</td>\n",
       "      <td>0.659471</td>\n",
       "      <td>0.706266</td>\n",
       "      <td>0.683440</td>\n",
       "      <td>0.677587</td>\n",
       "      <td>0.696404</td>\n",
       "      <td>0.606506</td>\n",
       "      <td>0.618927</td>\n",
       "      <td>0.702159</td>\n",
       "      <td>1.000000</td>\n",
       "      <td>0.648843</td>\n",
       "      <td>0.681472</td>\n",
       "      <td>0.621176</td>\n",
       "      <td>0.669174</td>\n",
       "      <td>0.658114</td>\n",
       "      <td>0.640193</td>\n",
       "      <td>0.652962</td>\n",
       "      <td>0.704750</td>\n",
       "      <td>0.710456</td>\n",
       "    </tr>\n",
       "    <tr>\n",
       "      <th>Slack</th>\n",
       "      <td>0.688698</td>\n",
       "      <td>0.724194</td>\n",
       "      <td>0.659451</td>\n",
       "      <td>0.700556</td>\n",
       "      <td>0.741555</td>\n",
       "      <td>0.721165</td>\n",
       "      <td>0.699559</td>\n",
       "      <td>0.700249</td>\n",
       "      <td>0.685775</td>\n",
       "      <td>0.687759</td>\n",
       "      <td>0.648843</td>\n",
       "      <td>1.000000</td>\n",
       "      <td>0.640512</td>\n",
       "      <td>0.719245</td>\n",
       "      <td>0.621416</td>\n",
       "      <td>0.736801</td>\n",
       "      <td>0.652532</td>\n",
       "      <td>0.643468</td>\n",
       "      <td>0.686314</td>\n",
       "      <td>0.712442</td>\n",
       "    </tr>\n",
       "    <tr>\n",
       "      <th>Snapchat</th>\n",
       "      <td>0.726985</td>\n",
       "      <td>0.734560</td>\n",
       "      <td>0.689171</td>\n",
       "      <td>0.686883</td>\n",
       "      <td>0.751554</td>\n",
       "      <td>0.726591</td>\n",
       "      <td>0.714537</td>\n",
       "      <td>0.668766</td>\n",
       "      <td>0.694536</td>\n",
       "      <td>0.732222</td>\n",
       "      <td>0.681472</td>\n",
       "      <td>0.640512</td>\n",
       "      <td>1.000000</td>\n",
       "      <td>0.751661</td>\n",
       "      <td>0.735000</td>\n",
       "      <td>0.686752</td>\n",
       "      <td>0.673771</td>\n",
       "      <td>0.721486</td>\n",
       "      <td>0.716240</td>\n",
       "      <td>0.716026</td>\n",
       "    </tr>\n",
       "    <tr>\n",
       "      <th>Spotify</th>\n",
       "      <td>0.721524</td>\n",
       "      <td>0.696632</td>\n",
       "      <td>0.681499</td>\n",
       "      <td>0.678249</td>\n",
       "      <td>0.705957</td>\n",
       "      <td>0.673738</td>\n",
       "      <td>0.679380</td>\n",
       "      <td>0.660000</td>\n",
       "      <td>0.711759</td>\n",
       "      <td>0.702348</td>\n",
       "      <td>0.621176</td>\n",
       "      <td>0.719245</td>\n",
       "      <td>0.751661</td>\n",
       "      <td>1.000000</td>\n",
       "      <td>0.716657</td>\n",
       "      <td>0.675678</td>\n",
       "      <td>0.694386</td>\n",
       "      <td>0.749768</td>\n",
       "      <td>0.743654</td>\n",
       "      <td>0.730884</td>\n",
       "    </tr>\n",
       "    <tr>\n",
       "      <th>TikTok</th>\n",
       "      <td>0.626858</td>\n",
       "      <td>0.746619</td>\n",
       "      <td>0.663605</td>\n",
       "      <td>0.625181</td>\n",
       "      <td>0.711135</td>\n",
       "      <td>0.726062</td>\n",
       "      <td>0.689304</td>\n",
       "      <td>0.628149</td>\n",
       "      <td>0.681626</td>\n",
       "      <td>0.705612</td>\n",
       "      <td>0.669174</td>\n",
       "      <td>0.621416</td>\n",
       "      <td>0.735000</td>\n",
       "      <td>0.716657</td>\n",
       "      <td>1.000000</td>\n",
       "      <td>0.717584</td>\n",
       "      <td>0.644670</td>\n",
       "      <td>0.704274</td>\n",
       "      <td>0.748884</td>\n",
       "      <td>0.699782</td>\n",
       "    </tr>\n",
       "    <tr>\n",
       "      <th>Twitch</th>\n",
       "      <td>0.656880</td>\n",
       "      <td>0.785961</td>\n",
       "      <td>0.631247</td>\n",
       "      <td>0.724843</td>\n",
       "      <td>0.709560</td>\n",
       "      <td>0.704834</td>\n",
       "      <td>0.703281</td>\n",
       "      <td>0.638413</td>\n",
       "      <td>0.682147</td>\n",
       "      <td>0.735128</td>\n",
       "      <td>0.658114</td>\n",
       "      <td>0.736801</td>\n",
       "      <td>0.686752</td>\n",
       "      <td>0.675678</td>\n",
       "      <td>0.717584</td>\n",
       "      <td>1.000000</td>\n",
       "      <td>0.653273</td>\n",
       "      <td>0.675027</td>\n",
       "      <td>0.681603</td>\n",
       "      <td>0.687722</td>\n",
       "    </tr>\n",
       "    <tr>\n",
       "      <th>Twitter</th>\n",
       "      <td>0.604852</td>\n",
       "      <td>0.651861</td>\n",
       "      <td>0.643099</td>\n",
       "      <td>0.680026</td>\n",
       "      <td>0.746463</td>\n",
       "      <td>0.707233</td>\n",
       "      <td>0.683554</td>\n",
       "      <td>0.720170</td>\n",
       "      <td>0.659391</td>\n",
       "      <td>0.693363</td>\n",
       "      <td>0.640193</td>\n",
       "      <td>0.652532</td>\n",
       "      <td>0.673771</td>\n",
       "      <td>0.694386</td>\n",
       "      <td>0.644670</td>\n",
       "      <td>0.653273</td>\n",
       "      <td>1.000000</td>\n",
       "      <td>0.708186</td>\n",
       "      <td>0.699450</td>\n",
       "      <td>0.704826</td>\n",
       "    </tr>\n",
       "    <tr>\n",
       "      <th>Weather</th>\n",
       "      <td>0.676765</td>\n",
       "      <td>0.747029</td>\n",
       "      <td>0.634159</td>\n",
       "      <td>0.729177</td>\n",
       "      <td>0.750410</td>\n",
       "      <td>0.786643</td>\n",
       "      <td>0.710379</td>\n",
       "      <td>0.653467</td>\n",
       "      <td>0.700530</td>\n",
       "      <td>0.769268</td>\n",
       "      <td>0.652962</td>\n",
       "      <td>0.643468</td>\n",
       "      <td>0.721486</td>\n",
       "      <td>0.749768</td>\n",
       "      <td>0.704274</td>\n",
       "      <td>0.675027</td>\n",
       "      <td>0.708186</td>\n",
       "      <td>1.000000</td>\n",
       "      <td>0.717936</td>\n",
       "      <td>0.748508</td>\n",
       "    </tr>\n",
       "    <tr>\n",
       "      <th>WhatsApp</th>\n",
       "      <td>0.705735</td>\n",
       "      <td>0.738146</td>\n",
       "      <td>0.699543</td>\n",
       "      <td>0.707216</td>\n",
       "      <td>0.729930</td>\n",
       "      <td>0.763349</td>\n",
       "      <td>0.698818</td>\n",
       "      <td>0.702706</td>\n",
       "      <td>0.712915</td>\n",
       "      <td>0.733034</td>\n",
       "      <td>0.704750</td>\n",
       "      <td>0.686314</td>\n",
       "      <td>0.716240</td>\n",
       "      <td>0.743654</td>\n",
       "      <td>0.748884</td>\n",
       "      <td>0.681603</td>\n",
       "      <td>0.699450</td>\n",
       "      <td>0.717936</td>\n",
       "      <td>1.000000</td>\n",
       "      <td>0.779978</td>\n",
       "    </tr>\n",
       "    <tr>\n",
       "      <th>YouTube</th>\n",
       "      <td>0.725172</td>\n",
       "      <td>0.733112</td>\n",
       "      <td>0.736685</td>\n",
       "      <td>0.724975</td>\n",
       "      <td>0.763609</td>\n",
       "      <td>0.730350</td>\n",
       "      <td>0.723687</td>\n",
       "      <td>0.752351</td>\n",
       "      <td>0.620733</td>\n",
       "      <td>0.750144</td>\n",
       "      <td>0.710456</td>\n",
       "      <td>0.712442</td>\n",
       "      <td>0.716026</td>\n",
       "      <td>0.730884</td>\n",
       "      <td>0.699782</td>\n",
       "      <td>0.687722</td>\n",
       "      <td>0.704826</td>\n",
       "      <td>0.748508</td>\n",
       "      <td>0.779978</td>\n",
       "      <td>1.000000</td>\n",
       "    </tr>\n",
       "  </tbody>\n",
       "</table>\n",
       "</div>"
      ],
      "text/plain": [
       "app_name           Camera    Chrome  Evernote  Facebook     Gmail  \\\n",
       "app_name                                                            \n",
       "Camera           1.000000  0.721888  0.641833  0.677911  0.718860   \n",
       "Chrome           0.721888  1.000000  0.674200  0.756398  0.740868   \n",
       "Evernote         0.641833  0.674200  1.000000  0.705245  0.683880   \n",
       "Facebook         0.677911  0.756398  0.705245  1.000000  0.765413   \n",
       "Gmail            0.718860  0.740868  0.683880  0.765413  1.000000   \n",
       "Google Docs      0.696573  0.742457  0.693606  0.747448  0.798591   \n",
       "Google Maps      0.653284  0.727214  0.647171  0.707156  0.681016   \n",
       "Instagram        0.634360  0.610797  0.677020  0.726587  0.767429   \n",
       "Microsoft Teams  0.680336  0.708895  0.696047  0.698892  0.661273   \n",
       "Netflix          0.673590  0.704986  0.667123  0.720010  0.787646   \n",
       "Notion           0.634530  0.729732  0.659471  0.706266  0.683440   \n",
       "Slack            0.688698  0.724194  0.659451  0.700556  0.741555   \n",
       "Snapchat         0.726985  0.734560  0.689171  0.686883  0.751554   \n",
       "Spotify          0.721524  0.696632  0.681499  0.678249  0.705957   \n",
       "TikTok           0.626858  0.746619  0.663605  0.625181  0.711135   \n",
       "Twitch           0.656880  0.785961  0.631247  0.724843  0.709560   \n",
       "Twitter          0.604852  0.651861  0.643099  0.680026  0.746463   \n",
       "Weather          0.676765  0.747029  0.634159  0.729177  0.750410   \n",
       "WhatsApp         0.705735  0.738146  0.699543  0.707216  0.729930   \n",
       "YouTube          0.725172  0.733112  0.736685  0.724975  0.763609   \n",
       "\n",
       "app_name         Google Docs  Google Maps  Instagram  Microsoft Teams  \\\n",
       "app_name                                                                \n",
       "Camera              0.696573     0.653284   0.634360         0.680336   \n",
       "Chrome              0.742457     0.727214   0.610797         0.708895   \n",
       "Evernote            0.693606     0.647171   0.677020         0.696047   \n",
       "Facebook            0.747448     0.707156   0.726587         0.698892   \n",
       "Gmail               0.798591     0.681016   0.767429         0.661273   \n",
       "Google Docs         1.000000     0.684928   0.748528         0.735613   \n",
       "Google Maps         0.684928     1.000000   0.638086         0.720711   \n",
       "Instagram           0.748528     0.638086   1.000000         0.620110   \n",
       "Microsoft Teams     0.735613     0.720711   0.620110         1.000000   \n",
       "Netflix             0.748155     0.730065   0.698328         0.760736   \n",
       "Notion              0.677587     0.696404   0.606506         0.618927   \n",
       "Slack               0.721165     0.699559   0.700249         0.685775   \n",
       "Snapchat            0.726591     0.714537   0.668766         0.694536   \n",
       "Spotify             0.673738     0.679380   0.660000         0.711759   \n",
       "TikTok              0.726062     0.689304   0.628149         0.681626   \n",
       "Twitch              0.704834     0.703281   0.638413         0.682147   \n",
       "Twitter             0.707233     0.683554   0.720170         0.659391   \n",
       "Weather             0.786643     0.710379   0.653467         0.700530   \n",
       "WhatsApp            0.763349     0.698818   0.702706         0.712915   \n",
       "YouTube             0.730350     0.723687   0.752351         0.620733   \n",
       "\n",
       "app_name          Netflix    Notion     Slack  Snapchat   Spotify    TikTok  \\\n",
       "app_name                                                                      \n",
       "Camera           0.673590  0.634530  0.688698  0.726985  0.721524  0.626858   \n",
       "Chrome           0.704986  0.729732  0.724194  0.734560  0.696632  0.746619   \n",
       "Evernote         0.667123  0.659471  0.659451  0.689171  0.681499  0.663605   \n",
       "Facebook         0.720010  0.706266  0.700556  0.686883  0.678249  0.625181   \n",
       "Gmail            0.787646  0.683440  0.741555  0.751554  0.705957  0.711135   \n",
       "Google Docs      0.748155  0.677587  0.721165  0.726591  0.673738  0.726062   \n",
       "Google Maps      0.730065  0.696404  0.699559  0.714537  0.679380  0.689304   \n",
       "Instagram        0.698328  0.606506  0.700249  0.668766  0.660000  0.628149   \n",
       "Microsoft Teams  0.760736  0.618927  0.685775  0.694536  0.711759  0.681626   \n",
       "Netflix          1.000000  0.702159  0.687759  0.732222  0.702348  0.705612   \n",
       "Notion           0.702159  1.000000  0.648843  0.681472  0.621176  0.669174   \n",
       "Slack            0.687759  0.648843  1.000000  0.640512  0.719245  0.621416   \n",
       "Snapchat         0.732222  0.681472  0.640512  1.000000  0.751661  0.735000   \n",
       "Spotify          0.702348  0.621176  0.719245  0.751661  1.000000  0.716657   \n",
       "TikTok           0.705612  0.669174  0.621416  0.735000  0.716657  1.000000   \n",
       "Twitch           0.735128  0.658114  0.736801  0.686752  0.675678  0.717584   \n",
       "Twitter          0.693363  0.640193  0.652532  0.673771  0.694386  0.644670   \n",
       "Weather          0.769268  0.652962  0.643468  0.721486  0.749768  0.704274   \n",
       "WhatsApp         0.733034  0.704750  0.686314  0.716240  0.743654  0.748884   \n",
       "YouTube          0.750144  0.710456  0.712442  0.716026  0.730884  0.699782   \n",
       "\n",
       "app_name           Twitch   Twitter   Weather  WhatsApp   YouTube  \n",
       "app_name                                                           \n",
       "Camera           0.656880  0.604852  0.676765  0.705735  0.725172  \n",
       "Chrome           0.785961  0.651861  0.747029  0.738146  0.733112  \n",
       "Evernote         0.631247  0.643099  0.634159  0.699543  0.736685  \n",
       "Facebook         0.724843  0.680026  0.729177  0.707216  0.724975  \n",
       "Gmail            0.709560  0.746463  0.750410  0.729930  0.763609  \n",
       "Google Docs      0.704834  0.707233  0.786643  0.763349  0.730350  \n",
       "Google Maps      0.703281  0.683554  0.710379  0.698818  0.723687  \n",
       "Instagram        0.638413  0.720170  0.653467  0.702706  0.752351  \n",
       "Microsoft Teams  0.682147  0.659391  0.700530  0.712915  0.620733  \n",
       "Netflix          0.735128  0.693363  0.769268  0.733034  0.750144  \n",
       "Notion           0.658114  0.640193  0.652962  0.704750  0.710456  \n",
       "Slack            0.736801  0.652532  0.643468  0.686314  0.712442  \n",
       "Snapchat         0.686752  0.673771  0.721486  0.716240  0.716026  \n",
       "Spotify          0.675678  0.694386  0.749768  0.743654  0.730884  \n",
       "TikTok           0.717584  0.644670  0.704274  0.748884  0.699782  \n",
       "Twitch           1.000000  0.653273  0.675027  0.681603  0.687722  \n",
       "Twitter          0.653273  1.000000  0.708186  0.699450  0.704826  \n",
       "Weather          0.675027  0.708186  1.000000  0.717936  0.748508  \n",
       "WhatsApp         0.681603  0.699450  0.717936  1.000000  0.779978  \n",
       "YouTube          0.687722  0.704826  0.748508  0.779978  1.000000  "
      ]
     },
     "execution_count": 88,
     "metadata": {},
     "output_type": "execute_result"
    }
   ],
   "source": [
    "item_similarity_df.head(25)"
   ]
  },
  {
   "cell_type": "code",
   "execution_count": 89,
   "id": "240e75a9-f8ef-4422-8c36-f655f98a88fd",
   "metadata": {},
   "outputs": [],
   "source": [
    "import pandas as pd\n",
    "\n",
    "def recommend_apps(\n",
    "    user_id, \n",
    "    user_item_matrix, \n",
    "    item_similarity_df, \n",
    "    N=5\n",
    "):\n",
    "    if user_id not in user_item_matrix.index:\n",
    "        print(f\"User ID {user_id} not found in data.\")\n",
    "        return []\n",
    "    user_ratings = user_item_matrix.loc[user_id]\n",
    "    used_apps = user_ratings[user_ratings > 0].index\n",
    "    unused_apps = user_ratings[user_ratings == 0].index\n",
    "    \n",
    "    scores = {}\n",
    "    for app in unused_apps:\n",
    "        sim_vec = item_similarity_df.loc[app, used_apps]\n",
    "        rating_vec = user_ratings[used_apps]\n",
    "        if sim_vec.sum() > 0:\n",
    "            score = (sim_vec * rating_vec).sum() / sim_vec.sum()\n",
    "        else:\n",
    "            score = 0\n",
    "        scores[app] = score\n",
    "    recommendations = sorted(scores.items(), key=lambda x: x[1], reverse=True)[:N]\n",
    "    return recommendations\n"
   ]
  },
  {
   "cell_type": "code",
   "execution_count": 90,
   "id": "3265c788-493d-4670-8bb3-3fe2d7f1d0cb",
   "metadata": {},
   "outputs": [
    {
     "name": "stdin",
     "output_type": "stream",
     "text": [
      "Please enter the user_id of the user you want to make recommendations for:  1000\n"
     ]
    },
    {
     "name": "stdout",
     "output_type": "stream",
     "text": [
      "[('Slack', 0.24047671279837865), ('Spotify', 0.24037190493388258), ('Google Maps', 0.23970020121970512), ('Twitter', 0.23884707600108432), ('Instagram', 0.2383446753032955)]\n"
     ]
    }
   ],
   "source": [
    "#Testing Predictions:\n",
    "\n",
    "u_id=int(input(\"Please enter the user_id of the user you want to make recommendations for: \"))\n",
    "top_recommendations = recommend_apps(u_id, user_item_matrix=user_item_matrix, item_similarity_df=item_similarity_df, N=5)\n",
    "print(top_recommendations)"
   ]
  },
  {
   "cell_type": "code",
   "execution_count": 91,
   "id": "dc289e89-82c6-4ecf-ab27-e84dac97fae6",
   "metadata": {},
   "outputs": [],
   "source": [
    "# Model Evaluation\n",
    "from sklearn.metrics import mean_squared_error"
   ]
  },
  {
   "cell_type": "code",
   "execution_count": 94,
   "id": "ed146f70-499a-49c6-b118-4995aa31cdb1",
   "metadata": {},
   "outputs": [],
   "source": [
    "def evaluate_model(user_item_matrix, item_similarity_df, sample_users=10):\n",
    "    actual_ratings = []\n",
    "    predicted_ratings = []\n",
    "\n",
    "    users = user_item_matrix.index.tolist()[:sample_users] \n",
    "    for user_id in users:\n",
    "        user_ratings = user_item_matrix.loc[user_id]\n",
    "        used_apps = user_ratings[user_ratings > 0].index.tolist()\n",
    "        if len(used_apps) < 2:\n",
    "            continue\n",
    "        test_app = used_apps[-1]\n",
    "        true_rating = user_ratings[test_app]\n",
    "        user_item_matrix.loc[user_id, test_app] = 0\n",
    "        recs = recommend_apps(user_id, user_item_matrix, item_similarity_df, N=len(user_item_matrix.columns))\n",
    "        predicted = dict(recs).get(test_app, None)\n",
    "        user_item_matrix.loc[user_id, test_app] = true_rating\n",
    "        if predicted is not None:\n",
    "            actual_ratings.append(true_rating)\n",
    "            predicted_ratings.append(predicted)\n",
    "\n",
    "    if actual_ratings:\n",
    "        rmse = np.sqrt(mean_squared_error(actual_ratings, predicted_ratings))\n",
    "        print(f\"RMSE: {rmse:.2f}\")\n",
    "    else:\n",
    "        print(\"Not enough data to evaluate.\")\n"
   ]
  },
  {
   "cell_type": "code",
   "execution_count": 95,
   "id": "5823c11c-bf76-4902-9111-ff53759896da",
   "metadata": {},
   "outputs": [
    {
     "name": "stdout",
     "output_type": "stream",
     "text": [
      "RMSE: 0.04\n"
     ]
    }
   ],
   "source": [
    "evaluate_model(user_item_matrix, item_similarity_df, sample_users=10)\n"
   ]
  }
 ],
 "metadata": {
  "kernelspec": {
   "display_name": "Python 3 (ipykernel)",
   "language": "python",
   "name": "python3"
  },
  "language_info": {
   "codemirror_mode": {
    "name": "ipython",
    "version": 3
   },
   "file_extension": ".py",
   "mimetype": "text/x-python",
   "name": "python",
   "nbconvert_exporter": "python",
   "pygments_lexer": "ipython3",
   "version": "3.12.7"
  }
 },
 "nbformat": 4,
 "nbformat_minor": 5
}
